[
    {
        "Terr": 591947.7510929705,
        "Verr": 1743112.9196452699,
        "arr": [
            1.2792368704502062,
            0.40690507137645715,
            -5.747324264523457,
            0.0589647048688398,
            -6.537277611651742,
            -0.23166620339117186,
            -0.6196651155209119,
            -1.257587505299179e-07,
            -0.8083793083522516,
            4.16139459954071e-11,
            1.986143289157097
        ]
    },
    {
        "arr": [
            2.0308272312285123,
            0.5623913673155616,
            -5.616262800534313,
            0.15455992866930804,
            -6.6123531954494625,
            -0.09244828236446703,
            -0.04144320366011549,
            -1.257587505299179e-07,
            -0.6783518166238428,
            4.16139459954071e-11,
            1.297859699806691
        ],
        "Terr": 712552.2356109417,
        "Verr": 1663536.8806929593
    },
    {
        "arr": [
            2.0308272312285123,
            0.5623913673155616,
            -5.616262800534313,
            0.15455992866930804,
            -6.6123531954494625,
            -0.09244828236446703,
            -0.04144320366011549,
            -1.257587505299179e-07,
            -0.6783518166238428,
            4.16139459954071e-11,
            1.6553374313289773
        ],
        "Terr": 644253.4901437047,
        "Verr": 1715832.7729159861
    },
    {
        "arr": [
            2.1007347855709897,
            0.468233561807286,
            -5.999286662903902,
            0.12013622756269016,
            -6.5853185868747515,
            -0.1024393871400524,
            -0.09543568996437665,
            -1.257587505299179e-07,
            -0.6910643935693748,
            4.16139459954071e-11,
            1.9405992478145495
        ],
        "Terr": 644253.4901437047,
        "Verr": 1715832.7729159861
    },
    {
        "arr": [
            3.686289747038959,
            0.9011936568218469,
            -6.103927378086688,
            0.22610393617626282,
            -6.6685401880342,
            -0.06492793973624258,
            -0.10055792218196828,
            -1.257587505299179e-07,
            -0.749967426906069,
            4.16139459954071e-11,
            1.4477901402510946
        ],
        "Terr": 644253.4901437047,
        "Verr": 1715832.7729159861
    },
    {
        "arr": [
            2.1556750394040107,
            0.3836477583336922,
            -6.075130163377414,
            0.09508598605052687,
            -6.56564541251486,
            -0.023904622437452915,
            -0.057356321392856624,
            -1.257587505299179e-07,
            -0.7733143950672423,
            4.16139459954071e-11,
            1.069905949451263
        ],
        "Terr": 739985.3286974949,
        "Verr": 1654620.882910713
    },
    {
        "arr": [
            1.2792368704502062,
            0.40690507137645715,
            -5.747324264523457,
            0.0589647048688398,
            -6.537277611651742,
            -0.23166620339117186,
            -0.6196651155209119,
            -1.257587505299179e-07,
            -0.8083793083522516,
            4.16139459954071e-11,
            1.986143289157097
        ],
        "Terr": 625474.5479024986,
        "Verr": 1771944.573520936
    },
    {
        "arr": [
            1.1754940151127196,
            0.31575860191343863,
            -5.406919208016401,
            0.42430901396312376,
            -6.824200286258148,
            -0.05684354007312605,
            -0.7564531272446415,
            -1.257587505299179e-07,
            -0.7634525009729045,
            4.16139459954071e-11,
            1.4538290299857883
        ],
        "Terr": 622118.4032446728,
        "Verr": 1784787.970229945
    },
    {
        "arr": [
            1.4995471382395817,
            0.46647070070894403,
            -5.628635263453819,
            0.06793996078213126,
            -6.54432631712714,
            -0.1002337679008673,
            -0.16056010602267665,
            -1.257587505299179e-07,
            -0.6948642644895349,
            4.16139459954071e-11,
            1.8741659132070572
        ],
        "Terr": 627376.7508409242,
        "Verr": 1787063.915362609
    },
    {
        "arr": [
            2.6649872246222817,
            0.43122443634966473,
            -6.1054202102873365,
            1.050412492440092,
            -7.315909832987741,
            -0.07304574600953728,
            -0.0014243794056153535,
            -1.257587505299179e-07,
            -0.41306772400950054,
            4.16139459954071e-11,
            2.476524245841331
        ],
        "Terr": 616847.7995797092,
        "Verr": 1809525.1391384162
    },
    {
        "arr": [
            3.686289747038959,
            0.9011936568218469,
            -6.103927378086688,
            0.22610393617626282,
            -6.6685401880342,
            -0.06492793973624258,
            -0.1404671995427536,
            -1.257587505299179e-07,
            -0.4593611189300054,
            4.16139459954071e-11,
            1.1543280862729222
        ],
        "Terr": 613594.5020628632,
        "Verr": 1830211.8929037764
    },
    {
        "arr": [
            2.0170453612465575,
            0.4316596354989192,
            -5.758410963947734,
            0.6473812620696108,
            -6.999389784120724,
            -0.08259586069422091,
            -0.39241016618181157,
            -1.257587505299179e-07,
            -0.6404212426308338,
            4.16139459954071e-11,
            1.8149726605196757
        ],
        "Terr": 613584.2571044947,
        "Verr": 1830511.257261219
    },
    {
        "arr": [
            3.338764567562716,
            0.9217568166241206,
            -6.021667608567984,
            0.2622223568705665,
            -6.696905742417297,
            -0.14418825425364912,
            -0.15249243589753864,
            -1.257587505299179e-07,
            -0.6956429935551319,
            4.16139459954071e-11,
            1.297859699806691
        ],
        "Terr": 613599.6007100471,
        "Verr": 1830848.86534586
    },
    {
        "arr": [
            2.1007347855709897,
            0.468233561807286,
            -5.999286662903902,
            0.12013622756269016,
            -6.5853185868747515,
            -0.1024393871400524,
            -0.09543568996437665,
            -1.257587505299179e-07,
            -0.6910643935693748,
            4.16139459954071e-11,
            1.9405992478145495
        ],
        "Terr": 613616.1506324243,
        "Verr": 1830845.3993091383
    },
    {
        "arr": [
            1.7928750174384998,
            0.4867031514431023,
            -5.906878963164469,
            0.22819429692516413,
            -6.670181850110321,
            -0.09741160259322061,
            -0.09159186218382269,
            -1.257587505299179e-07,
            -0.4938064242079308,
            4.16139459954071e-11,
            1.5669826615701614
        ],
        "Terr": 613616.1506324243,
        "Verr": 1830845.3993091383
    },
    {
        "arr": [
            1.6428718119897758,
            0.5612717720837761,
            -5.279572240266013,
            0.18178837173043763,
            -6.633737017542751,
            -0.13714181656424462,
            0.10809851410018154,
            -1.257587505299179e-07,
            -0.6029088432902804,
            4.16139459954071e-11,
            1.6159815504115955
        ],
        "Terr": 613616.1506324243,
        "Verr": 1830845.3993091383
    },
    {
        "arr": [
            1.4746444730200592,
            0.6472559478512155,
            -4.7327979573517585,
            0.15380666699168133,
            -6.611761622377587,
            -0.11838251241754769,
            0.5733370428745216,
            -1.257587505299179e-07,
            -0.5024445536172444,
            4.16139459954071e-11,
            1.4301236478728523
        ],
        "Terr": 613616.1506324243,
        "Verr": 1830845.3993091383
    },
    {
        "arr": [
            1.9099983732307175,
            0.4606717692211183,
            -5.709125548430318,
            0.17596958915286096,
            -6.629167244267097,
            -0.08962163742287496,
            -0.0841354844117493,
            -1.257587505299179e-07,
            -0.6432538308479301,
            4.16139459954071e-11,
            1.5899398979807156
        ],
        "Terr": 613584.4706819307,
        "Verr": 1831347.2389924503
    },
    {
        "arr": [
            1.91340345747781,
            0.4517085938914467,
            -5.647491173808089,
            0.36768280572148415,
            -6.77972896778657,
            -0.06743917726072951,
            -0.07518706584150298,
            -1.257587505299179e-07,
            -0.6625203623792003,
            4.16139459954071e-11,
            1.4761361993462847
        ],
        "Terr": 613584.4706819307,
        "Verr": 1831347.2389924503
    },
    {
        "arr": [
            1.1378416843202526,
            0.3259243954327965,
            -5.627216295346432,
            0.0518201608809196,
            -6.531666653389003,
            -0.08102992584211932,
            -0.33208394638834937,
            -1.257587505299179e-07,
            -0.6593764821559851,
            4.16139459954071e-11,
            2.1955002267432224
        ],
        "Terr": 613584.4706819307,
        "Verr": 1831347.2389924503
    },
    {
        "arr": [
            2.1080598826838988,
            0.5247330959955032,
            -5.713724986254778,
            0.15166515361439245,
            -6.610079787651763,
            -0.07227934744348533,
            -0.10055792218196828,
            -1.257587505299179e-07,
            -0.749967426906069,
            4.16139459954071e-11,
            1.4477901402510946
        ],
        "Terr": 613584.4706819307,
        "Verr": 1831347.2389924503
    },
    {
        "arr": [
            2.855509628713418,
            0.8127376383013979,
            -6.039873038359019,
            0.0847577196048907,
            -6.557534121990104,
            -0.18801250702456454,
            -0.04774793783149306,
            -1.257587505299179e-07,
            -0.8216438704023079,
            4.16139459954071e-11,
            1.575692251929853
        ],
        "Terr": 613584.4706819307,
        "Verr": 1831347.2389924503
    },
    {
        "arr": [
            3.0048950292508896,
            0.43492096659008717,
            -5.80205739150391,
            1.128568100310497,
            -7.377289237257807,
            -0.06363722519825579,
            -0.04325792963334167,
            -1.257587505299179e-07,
            -0.5029555416136278,
            4.16139459954071e-11,
            1.1261289365533056
        ],
        "Terr": 613551.0886290551,
        "Verr": 1831420.1150655332
    },
    {
        "arr": [
            2.8265224473524633,
            0.680814253600198,
            -5.985799004230843,
            0.33773159582577494,
            -6.756206824326121,
            -0.14866578397409164,
            -0.1729586208144226,
            -1.257587505299179e-07,
            -0.6844005795853442,
            4.16139459954071e-11,
            1.2718852870909174
        ],
        "Terr": 613551.0886290551,
        "Verr": 1831420.1150655332
    },
    {
        "arr": [
            2.0308272312285123,
            0.5623913673155616,
            -5.616262800534313,
            0.15455992866930804,
            -6.6123531954494625,
            -0.09244828236446703,
            -0.04144320366011549,
            -1.257587505299179e-07,
            -0.6783518166238428,
            4.16139459954071e-11,
            1.6553374313289773
        ],
        "Terr": 613551.0886290551,
        "Verr": 1831420.1150655332
    },
    {
        "arr": [
            2.0308272312285123,
            0.5623913673155616,
            -5.616262800534313,
            0.15455992866930804,
            -6.6123531954494625,
            -0.09244828236446703,
            -0.04144320366011549,
            -1.257587505299179e-07,
            -0.6783518166238428,
            4.16139459954071e-11,
            1.6553374313289773
        ],
        "Terr": 7.545413649168669e+32,
        "Verr": 1.0441558729965461e+33
    },
    {
        "arr": [
            2.0308272312285123,
            0.5623913673155616,
            -5.616262800534313,
            0.15455992866930804,
            -6.6123531954494625,
            -0.09244828236446703,
            -0.04144320366011549,
            -1.257587505299179e-07,
            -0.6783518166238428,
            4.16139459954071e-11,
            1.6553374313289773
        ],
        "Terr": 7.545676688897258e+32,
        "Verr": 1.0441920840051618e+33
    },
    {
        "arr": [
            2.0308272312285123,
            0.5623913673155616,
            -5.616262800534313,
            0.15455992866930804,
            -6.6123531954494625,
            -0.09244828236446703,
            -0.04144320366011549,
            -1.257587505299179e-07,
            -0.6783518166238428,
            4.16139459954071e-11,
            1.6553374313289773
        ],
        "Terr": 7.545676693125398e+32,
        "Verr": 1.0441920845872216e+33
    },
    {
        "arr": [
            2.0308272312285123,
            0.5623913673155616,
            -5.616262800534313,
            0.15455992866930804,
            -6.6123531954494625,
            -0.09244828236446703,
            -0.04144320366011549,
            -1.257587505299179e-07,
            -0.6783518166238428,
            4.16139459954071e-11,
            1.6553374313289773
        ],
        "Terr": 9.537645759766191e+32,
        "Verr": 1.3198472514817645e+33
    },
    {
        "arr": [
            2.0308272312285123,
            0.5623913673155616,
            -5.616262800534313,
            0.15455992866930804,
            -6.6123531954494625,
            -0.09244828236446703,
            -0.04144320366011549,
            -1.257587505299179e-07,
            -0.6783518166238428,
            4.16139459954071e-11,
            1.6553374313289773
        ],
        "Terr": 9.537730439377505e+32,
        "Verr": 1.319858909507277e+33
    },
    {
        "arr": [
            2.0308272312285123,
            0.5623913673155616,
            -5.616262800534313,
            0.15455992866930804,
            -6.6123531954494625,
            -0.09244828236446703,
            -0.04144320366011549,
            -1.257587505299179e-07,
            -0.6783518166238428,
            4.16139459954071e-11,
            1.6553374313289773
        ],
        "Terr": 9.53773122944813e+32,
        "Verr": 1.3198590167014428e+33
    },
    {
        "arr": [
            2.0308272312285123,
            0.5623913673155616,
            -5.616262800534313,
            0.15455992866930804,
            -6.6123531954494625,
            -0.09244828236446703,
            -0.04144320366011549,
            -1.257587505299179e-07,
            -0.6783518166238428,
            4.16139459954071e-11,
            1.6553374313289773
        ],
        "Terr": 9.537732204874535e+32,
        "Verr": 1.319859151684374e+33
    }
]